286014
286025
286064
286124
286127
286129
286130
286159
286198
286201
286202
286203
286229
286230
286231
286254
286255
286257
286258
286261
286263
286282
286308
286309
286310
286311
286314
286348
286349
286380
286426
286427
286428
286454
286455
286482
286501
286502
286508
286509
286511
286566
286567
286568
286569
286591
286592
286594
286653
286661
286695
286731
286799
286801
286846
286848
286850
286852
286874
286876
286877
286907
286908
286910
286911
286930
286931
286932
286936
286937
287000
287021
287063
287064
287071
287072
287077
287137
287155
287185
287201
287208
287209
287248
287249
287250
287254
287283
287323
287324
287325
287343
287346
287347
287353
287355
287356
287360
287380
287381
287385
287387
287388
287389
287413
287480
287481
287484
287486
287513
287516
287517
287518
287520
287521
287524
287573
287575
287576
287578
287654
287656
287657
287658
288804
288806
288943
289165
289166
289169
289172
289176
289177
289198
289199
289200
289201
289240
289242
289243
289253
289275
289276
289277
289278
289280
289281
289300
289303
289306
289308
289309
289426
289444
289462
289463
289465
289468
289493
289494
289521
289547
289721
289729
289731
289732
289757
289775
289808
289811
289815
289816
289817
289818
289830
289849