288619
288861
288862
288864
288868
288903
288908
288909
290323
290324
290327
290350
290374
290375
290399
290401
290411
290412
290425
290426
290427
290428
290456
290458
290459
290469
290499
290500
290538
290539
290540
290544
290549
290550
290553
290588
290590
290612
290613
290614
290615
290627
290632
290645
290660
290665
290941
290943
290944
290948
290974
290975
290976
290979
290980
291002
291003
291004
291005
291035
291037
291041
291065
291066
291069
291093
291100
291101
291110
291111
291116
291143
291209
291240
291257
291262
291263
291265
291266
291282
291283
291284
291285
291286
291360
291361
291362
291375
291377
291397
291399
291402
291416
291417
291419
291420
291424
291446
291447
291453
291456
291457
291481
291482
291484
291485
292397
292398
292405
292406
292428
292429
292430
292432
292434
292456
292457
292460
292461
292495
292496
292497
292500
292521
292523
292524
292526
292553
292554
292557
292559
292560
292563
292584
292586
292693
292695
292696
292698
292701
292704
292737
292739
292747
292748
292750
292803
292804
292809
292810
292811
292831
292832
292836
292839
293357
293359
293587
293588
293686
293689
293690
293691
293695
293696
293740
293741
293770
293773
293774
293776
293799
293805
293806
293809
293829
293830
293831
293856
293886
293891
293893
293896
293898
294009
294010
294011
294012
294013
294131
294152
294154
294155
294156
294199
294200
294208
294210
294212
294241
294242
294307
294310
294524
294525
294526
294529
294530
294531
294553
294556
294558
294562
294563
294586
294587
294588
294590
294591
294593
294632
294633
294634
294636
294653
294715
294716
294721
294722
294741
294742
294743
294744
294745
294746
294747
294769
294774
294775
294805
294815
294816
294817
294818
294852
294875
294877
294883
294884
294925