267131, 267130, 267110, 267109, 267081, 
267077, 267072, 267070, 267067, 267062,
267061, 267060, 267020, 266997, 266994, 
266993, 266988, 266944, 266943, 266942, 
266940, 266915, 266912, 266886, 266885, 
266883, 266882, 266881, 266880, 266878, 
266857, 266808, 266807, 266805, 266800, 
266776, 266775, 266708, 266706, 266703, 
266702, 266700, 266669, 266668, 266665, 
266659, 266658, 266657, 266630, 266628, 
266625, 266621, 266619, 266618, 266617, 
266615, 266614, 266596, 266595, 266592, 
266591, 266590, 266588, 266587, 266585, 
266584, 266549, 266543, 266539, 266534, 
266526, 266525, 266523, 266522, 266520, 
266518, 266516, 266514, 266480, 266479, 
266477, 266472, 266470, 266441, 266439, 
266438, 266437